74
399
285
54
434
370
380
18
178
302
213
162
103
236
287
195
331
196
450
149
414
281
263
31
460
93
100
352
210
150
239
35
393
47
112
499
15
327
197
439
49
55
402
217
185
79
365
468
105
122
291
276
207
493
140
261
338
89
320
158
473
80
247
407
259
158
145
281
414
431
421
93
104
408
279
135
19
354
425
152
236
250
179
235
499
220
453
280
256
169
177
498
105
182
380
42
58
258
226
107
5
26
249
476
475
33
57
8
167
110
281
492
258
88
390
86
498
405
330
469
303
296
434
237
278
489
199
148
396
32
64
229
490
156
436
48
207
453
356
398
19
130
44
391
77
424
339
237
208
461
350
367
245
56
264
478
68
37
55
326
91
211
50
176
175
405
495
234
58
46
167
487
301
436
308
181
391
6
386
141
429
108
458
210
67
383
50
405
115
98
93
407
377
453
210
54
427
56
462
313
274
342
159
231
68
282
230
427
307
361
228
293
97
230
317
431
274
138
477
282
391
180
444
347
5
264
212
18
482
398
396
65
9
226
139
360
440
429
453
280
148
211
5
269
481
250
116
85
476
461
441
114
201
294
301
103
406
237
401
297
371
223
381
395
441
166
324
492
172
141
414
392
224
358
228
422
179
330
102
460
343
184
245
252
447
422
76
253
498
388
492
133
496
291
295
438
156
17
301
482
318
150
340
76
290
191
354
415
357
364
244
5
453
455
298
128
367
82
276
308
108
317
111
113
52
401
499
222
228
293
67
499
297
191
216
339
318
21
175
492
277
485
70
95
336
77
183
183
259
459
129
237
84
244
251
370
139
287
420
472
212
320
62
22
57
238
13
313
460
14
158
174
73
97
131
302
39
439
357
168
61
313
425
174
454
8
122
311
118
451
468
71
307
47
293
111
450
33
300
362
120
184
179
24
135
35
235
91
254
85
219
147
235
103
169
178
462
70
268
192
483
170
115
99
3
78
249
102
125
21
97
279
150
168
255
454
29
445
216
388
425
375
274
265
115
295
432
6
300
242
409
45
63
384
54
332
199
101
485
144
96
150
251
15
350
222
310
153
78
437
463
52
444
325
202
173
132
51
72
340
145
224
404
483
482
109
73
207
279
424
270
428
408
371
367
218
5
222
407
352
9
92
91
96
419
70
322
103
246
112
205
490
119
336
21
125
1
292
179
319
307
474
475
226
10
106
36
429
345
164
483
131
348
262
2
2
406
100
363
99
89
114
436
32
63
214
437
439
442
422
172
229
99
68
185
87
376
81
447
419
51
163
185
79
450
34
160
373
445
253
424
250
285
36
429
165
266
453
432
438
462
187
110
424
151
106
52
138
119
421
239
121
288
420
230
94
271
466
250
46
24
26
14
187
130
256
139
285
498
162
229
177
50
279
106
284
444
144
171
51
416
326
113
125
398
59
313
159
367
420
248
15
79
230
48
123
180
188
11
448
481
409
425
292
61
162
499
153
136
54
46
275
238
427
293
221
247
20
467
63
90
157
421
206
299
103
119
313
395
253
12
174
149
78
291
428
146
499
219
72
140
363
54
373
228
130
258
393
341
399
400
340
161
13
293
471
14
463
154
57
31
339
135
144
120
404
472
344
59
460
150
472
49
452
211
417
292
341
12
15
174
375
227
405
130
24
414
356
77
251
258
199
176
338
199
466
29
48
19
40
383
483
237
213
169
321
476
60
201
169
388
429
221
17
437
414
382
230
354
303
21
259
211
432
19
109
209
174
155
255
125
133
70
209
448
120
26
358
182
461
59
262
134
134
406
245
425
372
134
406
209
216
360
203
164
223
78
53
497
2
300
351
158
245
99
282
274
408
358
35
33
164
70
468
398
327
100
367
496
326
200
333
368
193
60
347
410
352
242
271
186
341
443
356
89
83
356
385
196
257
355
211
176
185
234
406
474
363
125
43
361
136
194
259
206
460
32
110
148
144
160
365
352
280
280
108
334
392
484
100
253
8
420
332
363
157
187
202
293
26
320
53
337
171
362
204
161
472
172
33
487
234
383
175
169
66
223
61
183
234
32
349
10
428
172
32
59
487
129
410
233
64
169
296
184
414
18
424
154
310
323
240
442
302
294
315
294
411
364
61
329
212
110
489
54
481
449
228
64
396
56
127
234
118
408
293
33
125
304
142
135
53
315
11
366
109
307
363
414
151
315
34
343
242
127
112
462
291
34
492
85
378
136
453
494
23
490
416
424
377
466
355
148
405
119
478
359
458
5
368
3
355
369
65
3
53
395
349
370
179
159
283
275
315
29
187
462
44
277
425
307
17
79
27
152
267
263
124
320
197
463
186
25
250
496
89
157
416
255
34
437
124
308
147
122
291
68
403
189
371
386
431
267
241
15
126
204
233
419
323
361
486
163
337
5
261
189
396
366
148
181
1
80
303
145
14
57
5
111
407
404
394
382
168
35
289
50
124
348
62
475
65
236
30
416
149
491
434
353
160
62
411
178
323
470
87
51
169
152
469
352
244
402
393
79
486
245
178
256
460
187
435
72
427
66
112
330
417
250
87
374
410
316
111
387
112
108
240
120
16
120
203
385
462
33
110
171
358
441
271
37
80
81
234
260
408
386
293
381
407
147
124
358
62
109
0
11
144
213
454
397
78
45
75
300
309
101
219
368
108
272
441
165
430
380
498
344
58
402
480
378
153
265
447
355
116
328
140
353
234
66
154
142
269
490
230
356
108
7
284
100
447
98
407
440
427
489
231
41
115
426
53
191
428
249
354
367
227
270
373
15
204
202
155
368
83
52
392
72
80
371
99
241
209
382
165
66
490
111
62
85
100
447
44
61
7
230
336
144
137
334
118
0
72
183
433
229
137
342
59
374
21
104
122
349
308
265
23
44
45
431
118
126
493
361
226
60
136
133
314
120
204
97
72
72
363
358
197
135
435
41
45
481
159
143
468
231
317
490
334
204
250
164
383
294
322
203
218
57
61
174
367
442
445
43
10
398
141
301
46
172
100
4
9
445
494
179
450
411
392
14
297
248
235
312
74
207
3
114
380
54
267
324
39
474
192
295
252
176
133
180
8
450
342
228
84
186
262
233
307
325
77
396
120
438
398
403
66
123
339
213
457
353
474
44
267
28
432
118
162
237
377
114
308
220
255
385
53
188
202
44
207
161
35
337
324
104
107
222
163
324
219
457
200
388
442
389
449
132
7
183
185
210
375
88
97
486
56
250
404
499
255
377
15
323
284
481
240
208
4
77
133
37
419
209
405
125
94
136
416
298
107
303
76
89
100
2
455
199
349
44
9
71
401
56
253
127
458
343
280
12
463
67
101
170
103
10
217
395
164
84
117
486
313
197
332
435
64
351
390
261
286
358
17
348
88
392
375
409
314
79
365
143
62
49
191
151
483
272
55
361
350
94
6
336
325
226
64
140
478
155
107
323
479
425
387
447
267
490
261
185
495
486
493
25
415
170
417
320
462
314
383
21
89
13
194
241
195
425
196
465
60
155
433
449
319
384
87
278
360
209
254
188
231
304
247
181
375
335
493
233
262
364
13
470
53
482
453
271
326
168
392
464
296
419
429
420
123
52
470
87
325
470
90
364
136
145
176
5
29
240
326
430
257
24
498
368
186
397
484
251
315
36
201
294
375
270
350
34
59
117
127
216
323
448
201
110
180
491
254
452
167
68
448
399
408
67
273
207
167
213
450
418
270
487
410
480
257
21
76
236
147
138
498
75
18
40
180
39
449
273
388
42
151
63
124
77
62
412
247
115
377
375
407
258
491
117
387
341
370
79
451
454
63
387
300
206
310
6
82
477
419
21
407
164
278
458
9
382
421
113
211
248
236
350
376
209
362
197
80
296
145
305
480
333
298
473
328
415
102
325
355
202
152
211
341
268
80
81
492
183
71
366
197
363
132
399
268
118
155
104
178
331
20
387
362
463
233
180
386
177
35
269
412
241
363
193
73
407
397
175
351
65
453
44
317
82
225
305
459
388
493
426
253
297
165
232
493
421
136
467
127
227
486
100
323
266
351
220
328
465
464
349
28
58
127
159
496
326
106
109
254
69
121
86
115
146
453
77
162
232
395
399
246
171
100
403
359
468
37
191
40
159
363
199
195
180
5
94
201
116
177
375
80
156
403
184
426
358
331
145
352
99
446
216
19
480
496
489
177
489
497
139
60
303
68
76
146
393
155
446
480
70
36
458
365
433
91
229
353
280
413
452
475
13
184
261
194
386
257
224
171
380
123
11
444
279
132
392
411
111
228
110
390
374
56
471
197
60
485
369
181
363
349
272
372
344
55
358
440
293
6
268
356
481
426
425
97
297
39
316
409
229
265
231
66
42
77
317
325
217
344
123
201
384
493
167
77
479
157
400
128
365
68
234
481
44
111
105
2
207
312
272
25
91
390
288
456
228
174
157
192
264
477
456
17
420
3
457
57
486
211
455
247
402
307
62
453
37
395
452
419
152
409
243
34
25
115
438
321
342
197
174
171
277
80
471
45
451
204
487
165
417
253
34
60
269
287
215
340
413
415
238
152
339
324
202
140
271
108
477
428
470
228
345
292
280
237
109
14
217
227
161
223
236
242
218
143
160
76
413
406
34
434
178
318
346
290
180
47
53
84
340
161
187
52
133
54
318
116
58
195
95
406
334
478
195
492
31
384
140
477
134
344
285
331
93
113
348
275
430
280
347
149
371
413
473
261
331
110
77
272
73
172
291
75
458
107
190
165
171
216
338
335
180
41
230
69
478
7
85
483
300
398
41
61
56
154
372
146
451
46
230
115
354
74
79
75
475
212
369
46
409
382
444
158
75
45
382
1
202
286
361
121
357
318
239
165
52
403
28
5
28
141
398
207
243
72
97
482
346
60
60
307
491
438
20
494
404
101
3
99
41
277
116
134
193
419
261
424
394
485
381
368
195
67
451
429
181
454
51
340
330
376
75
471
270
217
188
395
238
76
271
455
214
424
86
203
193
241
412
424
252
274
275
4
267
461
443
280
95
213
475
232
169
282
175
416
5
130
442
112
210
374
381
245
9
376
375
241
265
20
174
99
474
453
46
453
121
154
141
186
242
492
239
443
167
361
334
172
97
133
337
171
208
220
404
336
427
164
384
207
340
189
248
42
281
250
471
455
424
102
492
385
293
443
78
262
385
125
14
356
121
262
493
330
375
69
470
378
72
329
147
488
107
303
51
161
337
474
316
21
333
225
466
238
322
263
24
479
139
247
317
204
26
62
398
86
416
73
118
441
259
257
229
475
46
150
481
288
373
476
254
168
64
140
478
261
313
226
245
122
72
326
405
339
399
424
139
438
290
44
68
182
373
114
63
101
391
411
352
71
370
384
22
112
88
354
88
18
391
423
169
457
49
158
44
239
273
17
334
124
214
455
328
412
241
108
447
230
173
497
495
313
107
175
418
109
134
72
412
265
320
447
396
250
225
468
60
498
284
88
2
346
196
473
50
29
332
25
443
266
174
444
386
403
345
100
112
347
453
193
210
73
271
244
54
7
281
138
420
65
475
161
424
117
35
463
370
279
290
467
13
45
471
252
288
117
179
223
103
322
126
277
226
403
57
301
371
198
420
251
76
44
299
72
50
113
19
448
408
103
362
42
187
478
395
82
343
351
418
421
186
461
452
44
188
336
398
150
175
67
371
80
464
355
115
238
361
50
461
148
464
453
205
204
56
374
71
289
210
353
206
113
63
1
256
215
236
301
152
136
358
364
386
63
432
342
156
350
169
112
233
443
54
9
382
455
312
385
378
390
497
490
362
31
193
110
421
97
495
121
90
182
413
304
472
295
80
396
61
413
423
254
462
142
410
463
134
106
246
59
489
96
28
252
114
220
440
228
321
499
71
467
118
221
162
338
198
337
188
102
379
241
97
169
265
248
481
466
36
246
252
20
63
47
307
13
64
498
464
31
349
387
253
362
285
263
31
423
119
407
288
128
65
464
37
481
86
193
161
451
109
274
481
55
53
311
359
2
253
268
25
198
463
123
46
487
82
366
238
19
352
424
324
226
181
486
185
158
355
338
332
310
280
438
257
30
239
117
82
30
64
239
447
111
339
67
436
374
337
166
373
54
232
229
261
72
228
289
283
332
67
470
52
215
82
494
201
203
316
424
433
67
319
401
190
456
248
469
93
407
56
73
390
227
156
60
437
157
84
403
169
138
164
305
367
262
223
279
31
411
345
48
13
199
250
321
242
353
147
475
400
89
149
81
239
439
312
152
249
398
301
167
53
254
455
488
268
130
50
404
32
190
373
74
136
367
426
111
459
464
88
228
456
314
168
189
39
131
375
97
238
27
34
466
438
18
199
90
230
156
320
294
320
347
205
405
372
131
395
428
30
148
110
265
115
324
74
14
474
440
45
452
426
164
384
495
160
347
217
111
143
260
196
219
416
124
472
249
467
403
272
239
241
36
277
49
104
484
431
447
292
281
315
468
287
49
91
262
191
88
84
16
414
214
447
229
62
67
259
135
119
251
386
93
178
497
214
472
439
9
282
424
109
301
433
57
44
274
498
52
31
363
437
391
131
482
52
380
444
193
246
322
274
58
436
312
291
367
497
391
48
5
239
193
69
115
206
59
100
86
161
495
316
258
363
59
330
40
328
110
40
253
332
266
62
401
31
266
98
254
65
52
111
194
92
315
488
112
163
243
41
50
241
233
210
135
47
461
31
323
35
369
128
5
442
84
326
368
382
170
249
269
311
134
220
154
70
161
442
416
124
73
470
118
74
254
281
51
393
275
470
84
304
148
387
172
327
283

